  10000.00        69.00000         0.00000
  10000.00        70.00000        10.00000
  10000.00        70.00000        22.00000
  10000.00        71.00000        33.00000
  10000.00        71.00000        44.00000
  10000.00        71.00000        54.00000
  10000.00        70.00000        65.00000
  10000.00        68.00000        73.00000
  10000.00        66.00000        79.00000
  10000.00        63.00000        88.00000
  10000.00        58.00000        94.00000
  10000.00        53.00000        99.00000
  10000.00        47.00000       104.00000
  10000.00        40.00000       108.00000
  10000.00        33.00000       111.00000
  10000.00        26.00000       114.00000
  10000.00        18.00000       116.00000
  10000.00        11.00000       117.00000
  10000.00         3.00000       117.00000
  10000.00         0.00000       117.00000

   5000.00        88.00000         0.00000
   5000.00        88.00000        10.00000
   5000.00        89.00000        22.00000
   5000.00        90.00000        35.00000
   5000.00        90.00000        46.00000
   5000.00        90.00000        57.00000
   5000.00        89.00000        68.00000
   5000.00        88.00000        78.00000
   5000.00        85.00000        90.00000
   5000.00        81.00000        99.00000
   5000.00        78.00000       106.00000
   5000.00        74.00000       113.00000
   5000.00        69.00000       119.00000
   5000.00        63.00000       125.00000
   5000.00        55.00000       131.00000
   5000.00        48.00000       135.00000
   5000.00        41.00000       138.00000
   5000.00        34.00000       141.00000
   5000.00        26.00000       143.00000
   5000.00        17.00000       144.00000
   5000.00         9.00000       145.00000
   5000.00         0.00000       146.00000

   2000.00       119.00000         0.00000
   2000.00       119.00000         7.00000
   2000.00       120.00000        16.00000
   2000.00       121.00000        26.00000
   2000.00       122.00000        36.00000
   2000.00       122.00000        45.00000
   2000.00       122.00000        55.00000
   2000.00       122.00000        67.00000
   2000.00       122.00000        77.00000
   2000.00       121.00000        86.00000
   2000.00       120.00000        96.00000
   2000.00       119.00000       104.00000
   2000.00       117.00000       113.00000
   2000.00       115.00000       121.00000
   2000.00       112.00000       130.00000
   2000.00       108.00000       138.00000
   2000.00       105.00000       144.00000
   2000.00       100.00000       151.00000
   2000.00        94.00000       156.00000
   2000.00        88.00000       161.00000
   2000.00        81.00000       167.00000
   2000.00        73.00000       172.00000
   2000.00        64.00000       177.00000
   2000.00        56.00000       180.00000
   2000.00        48.00000       183.00000
   2000.00        40.00000       186.00000
   2000.00        30.00000       188.00000
   2000.00        21.00000       190.00000
   2000.00        11.00000       191.00000
   2000.00         0.00000       192.00000

   1000.00       154.00000         0.00000
   1000.00       154.00000         7.00000
   1000.00       154.00000        17.00000
   1000.00       155.00000        27.00000
   1000.00       155.00000        37.00000
   1000.00       156.00000        47.00000
   1000.00       156.00000        58.00000
   1000.00       157.00000        71.00000
   1000.00       157.00000        82.00000
   1000.00       158.00000        94.00000
   1000.00       157.00000       104.00000
   1000.00       156.00000       115.00000
   1000.00       154.00000       126.00000
   1000.00       152.00000       135.00000
   1000.00       149.00000       144.00000
   1000.00       146.00000       153.00000
   1000.00       142.00000       161.00000
   1000.00       137.00000       170.00000
   1000.00       131.00000       178.00000
   1000.00       127.00000       184.00000
   1000.00       121.00000       191.00000
   1000.00       115.00000       196.00000
   1000.00       108.00000       202.00000
   1000.00       102.00000       206.00000
   1000.00        96.00000       210.00000
   1000.00        91.00000       214.00000
   1000.00        83.00000       218.00000
   1000.00        75.00000       222.00000
   1000.00        67.00000       225.00000
   1000.00        59.00000       228.00000
   1000.00        52.00000       230.00000
   1000.00        43.00000       232.00000
   1000.00        33.00000       234.00000
   1000.00        24.00000       236.00000
   1000.00        15.00000       237.00000
   1000.00         8.00000       238.00000
   1000.00         0.00000       239.00000

    500.00       193.00000         0.00000
    500.00       194.00000         9.00000
    500.00       195.00000        19.00000
    500.00       196.00000        29.00000
    500.00       198.00000        39.00000
    500.00       199.00000        50.00000
    500.00       200.00000        61.00000
    500.00       202.00000        76.00000
    500.00       203.00000        89.00000
    500.00       203.00000       103.00000
    500.00       204.00000       118.00000
    500.00       203.00000       130.00000
    500.00       202.00000       142.00000
    500.00       200.00000       153.00000
    500.00       198.00000       166.00000
    500.00       194.00000       179.00000
    500.00       189.00000       191.00000
    500.00       184.00000       199.00000
    500.00       179.00000       209.00000
    500.00       170.00000       221.00000
    500.00       163.00000       229.00000
    500.00       154.00000       236.00000
    500.00       144.00000       244.00000
    500.00       134.00000       250.00000
    500.00       125.00000       256.00000
    500.00       117.00000       261.00000
    500.00       107.00000       266.00000
    500.00        96.00000       271.00000
    500.00        84.00000       277.00000
    500.00        73.00000       281.00000
    500.00        60.00000       284.00000
    500.00        48.00000       286.00000
    500.00        33.00000       289.00000
    500.00        18.00000       290.00000
    500.00         0.00000       291.00000

    200.00       264.00000         0.00000
    200.00       264.00000        13.00000
    200.00       265.00000        26.00000
    200.00       265.00000        39.00000
    200.00       266.00000        54.00000
    200.00       266.00000        69.00000
    200.00       267.00000        86.00000
    200.00       268.00000       103.00000
    200.00       269.00000       119.00000
    200.00       269.00000       136.00000
    200.00       270.00000       156.00000
    200.00       270.00000       177.00000
    200.00       269.00000       195.00000
    200.00       268.00000       209.00000
    200.00       265.00000       227.00000
    200.00       261.00000       240.00000
    200.00       257.00000       249.00000
    200.00       253.00000       258.00000
    200.00       249.00000       266.00000
    200.00       243.00000       274.00000
    200.00       238.00000       283.00000
    200.00       231.00000       290.00000
    200.00       221.00000       302.00000
    200.00       213.00000       310.00000
    200.00       204.00000       317.00000
    200.00       195.00000       324.00000
    200.00       186.00000       331.00000
    200.00       175.00000       338.00000
    200.00       166.00000       343.00000
    200.00       155.00000       349.00000
    200.00       142.00000       356.00000
    200.00       131.00000       362.00000
    200.00       121.00000       367.00000
    200.00       107.00000       372.00000
    200.00        94.00000       376.00000
    200.00        78.00000       380.00000
    200.00        64.00000       382.00000
    200.00        44.00000       386.00000
    200.00        32.00000       387.00000
    200.00         0.00000       390.00000

    100.00       342.00000         0.00000
    100.00       342.00000        10.00000
    100.00       343.00000        25.00000
    100.00       345.00000        42.00000
    100.00       345.00000        60.00000
    100.00       346.00000        78.00000
    100.00       347.00000        96.00000
    100.00       348.00000       113.00000
    100.00       350.00000       131.00000
    100.00       351.00000       152.00000
    100.00       353.00000       175.00000
    100.00       354.00000       194.00000
    100.00       355.00000       212.00000
    100.00       355.00000       230.00000
    100.00       355.00000       249.00000
    100.00       354.00000       269.00000
    100.00       353.00000       286.00000
    100.00       351.00000       299.00000
    100.00       349.00000       313.00000
    100.00       344.00000       326.00000
    100.00       339.00000       338.00000
    100.00       332.00000       349.00000
    100.00       324.00000       360.00000
    100.00       317.00000       368.00000
    100.00       307.00000       377.00000
    100.00       297.00000       386.00000
    100.00       287.00000       394.00000
    100.00       279.00000       400.00000
    100.00       270.00000       407.00000
    100.00       258.00000       415.00000
    100.00       247.00000       422.00000
    100.00       237.00000       429.00000
    100.00       223.00000       438.00000
    100.00       206.00000       447.00000
    100.00       191.00000       455.00000
    100.00       176.00000       462.00000
    100.00       163.00000       468.00000
    100.00       149.00000       474.00000
    100.00       135.00000       478.00000
    100.00       117.00000       485.00000
    100.00       100.00000       489.00000
    100.00        81.00000       493.00000
    100.00        58.00000       496.00000
    100.00        39.00000       498.00000
    100.00        17.00000       500.00000
    100.00         0.00000       501.00000

     50.00       459.00000         0.00000
     50.00       459.00000        19.00000
     50.00       461.00000        50.00000
     50.00       463.00000        90.00000
     50.00       465.00000       136.00000
     50.00       469.00000       174.00000
     50.00       473.00000       209.00000
     50.00       478.00000       244.00000
     50.00       483.00000       279.00000
     50.00       489.00000       319.00000
     50.00       492.00000       346.00000
     50.00       493.00000       371.00000
     50.00       492.00000       391.00000
     50.00       490.00000       406.00000
     50.00       484.00000       427.00000
     50.00       474.00000       447.00000
     50.00       463.00000       459.00000
     50.00       442.00000       472.00000
     50.00       427.00000       481.00000
     50.00       406.00000       490.00000
     50.00       386.00000       504.00000
     50.00       365.00000       516.00000
     50.00       347.00000       527.00000
     50.00       329.00000       537.00000
     50.00       310.00000       548.00000
     50.00       290.00000       558.00000
     50.00       270.00000       568.00000
     50.00       250.00000       579.00000
     50.00       227.00000       588.00000
     50.00       202.00000       598.00000
     50.00       181.00000       606.00000
     50.00       159.00000       613.00000
     50.00       138.00000       620.00000
     50.00       115.00000       625.00000
     50.00        90.00000       630.00000
     50.00        68.00000       633.00000
     50.00        46.00000       635.00000
     50.00        20.00000       637.00000
     50.00         0.00000       638.00000

     30.00       592.00000         0.00000
     30.00       593.00000        24.00000
     30.00       593.00000        54.00000
     30.00       594.00000        84.00000
     30.00       594.00000       114.00000
     30.00       596.00000       143.00000
     30.00       597.00000       179.00000
     30.00       600.00000       215.00000
     30.00       604.00000       250.00000
     30.00       609.00000       292.00000
     30.00       612.00000       328.00000
     30.00       618.00000       365.00000
     30.00       624.00000       403.00000
     30.00       631.00000       441.00000
     30.00       638.00000       476.00000
     30.00       642.00000       502.00000
     30.00       642.00000       527.00000
     30.00       640.00000       552.00000
     30.00       628.00000       574.00000
     30.00       609.00000       587.00000
     30.00       585.00000       589.00000
     30.00       557.00000       591.00000
     30.00       524.00000       596.00000
     30.00       486.00000       612.00000
     30.00       453.00000       628.00000
     30.00       421.00000       647.00000
     30.00       392.00000       665.00000
     30.00       353.00000       685.00000
     30.00       319.00000       703.00000
     30.00       280.00000       721.00000
     30.00       244.00000       736.00000
     30.00       214.00000       747.00000
     30.00       180.00000       758.00000
     30.00       141.00000       766.00000
     30.00       107.00000       773.00000
     30.00        65.00000       779.00000
     30.00        21.00000       782.00000
     30.00         0.00000       784.00000

     20.00       714.00000         0.00000
     20.00       719.00000        34.00000
     20.00       727.00000        84.00000
     20.00       737.00000       130.00000
     20.00       747.00000       176.00000
     20.00       757.00000       223.00000
     20.00       771.00000       274.00000
     20.00       782.00000       319.00000
     20.00       795.00000       358.00000
     20.00       812.00000       399.00000
     20.00       826.00000       427.00000
     20.00       843.00000       458.00000
     20.00       860.00000       485.00000
     20.00       879.00000       512.00000
     20.00       898.00000       537.00000
     20.00       914.00000       566.00000
     20.00       922.00000       597.00000
     20.00       919.00000       627.00000
     20.00       907.00000       651.00000
     20.00       887.00000       673.00000
     20.00       860.00000       687.00000
     20.00       826.00000       694.00000
     20.00       788.00000       692.00000
     20.00       757.00000       683.00000
     20.00       729.00000       674.00000
     20.00       704.00000       672.00000
     20.00       686.00000       672.00000
     20.00       662.00000       677.00000
     20.00       639.00000       685.00000
     20.00       612.00000       697.00000
     20.00       586.00000       713.00000
     20.00       559.00000       730.00000
     20.00       533.00000       748.00000
     20.00       508.00000       764.00000
     20.00       478.00000       781.00000
     20.00       446.00000       801.00000
     20.00       419.00000       814.00000
     20.00       394.00000       827.00000
     20.00       358.00000       844.00000
     20.00       327.00000       858.00000
     20.00       297.00000       870.00000
     20.00       269.00000       881.00000
     20.00       232.00000       892.00000
     20.00       205.00000       898.00000
     20.00       165.00000       906.00000
     20.00       124.00000       912.00000
     20.00        68.00000       919.00000
     20.00        26.00000       922.00000
     20.00         0.00000       924.00000

     15.00       818.00000         0.00000
     15.00       827.00000        27.00000
     15.00       840.00000        67.00000
     15.00       858.00000       114.00000
     15.00       873.00000       160.00000
     15.00       893.00000       209.00000
     15.00       912.00000       250.00000
     15.00       933.00000       294.00000
     15.00       946.00000       319.00000
     15.00       974.00000       359.00000
     15.00      1002.00000       398.00000
     15.00      1033.00000       434.00000
     15.00      1057.00000       459.00000
     15.00      1083.00000       488.00000
     15.00      1111.00000       515.00000
     15.00      1133.00000       538.00000
     15.00      1158.00000       565.00000
     15.00      1178.00000       594.00000
     15.00      1193.00000       624.00000
     15.00      1196.00000       650.00000
     15.00      1191.00000       676.00000
     15.00      1183.00000       692.00000
     15.00      1173.00000       711.00000
     15.00      1161.00000       726.00000
     15.00      1146.00000       739.00000
     15.00      1129.00000       750.00000
     15.00      1109.00000       761.00000
     15.00      1082.00000       771.00000
     15.00      1058.00000       776.00000
     15.00      1028.00000       779.00000
     15.00       990.00000       778.00000
     15.00       956.00000       773.00000
     15.00       923.00000       764.00000
     15.00       892.00000       751.00000
     15.00       865.00000       738.00000
     15.00       838.00000       731.00000
     15.00       811.00000       733.00000
     15.00       784.00000       740.00000
     15.00       757.00000       750.00000
     15.00       727.00000       765.00000
     15.00       698.00000       780.00000
     15.00       668.00000       798.00000
     15.00       640.00000       815.00000
     15.00       615.00000       831.00000
     15.00       589.00000       845.00000
     15.00       563.00000       861.00000
     15.00       539.00000       874.00000
     15.00       512.00000       889.00000
     15.00       481.00000       907.00000
     15.00       452.00000       921.00000
     15.00       425.00000       935.00000
     15.00       397.00000       948.00000
     15.00       377.00000       958.00000
     15.00       352.00000       968.00000
     15.00       331.00000       980.00000
     15.00       277.00000      1000.00000
     15.00       215.00000      1004.00000
     15.00       153.00000      1017.00000
     15.00        74.00000      1033.00000
     15.00         0.00000      1041.00000

     10.00      1024.00000         0.00000
     10.00      1037.00000        30.00000
     10.00      1056.00000        73.00000
     10.00      1074.00000       115.00000
     10.00      1092.00000       151.00000
     10.00      1112.00000       191.00000
     10.00      1133.00000       235.00000
     10.00      1151.00000       269.00000
     10.00      1173.00000       312.00000
     10.00      1193.00000       345.00000
     10.00      1214.00000       380.00000
     10.00      1238.00000       412.00000
     10.00      1261.00000       442.00000
     10.00      1285.00000       471.00000
     10.00      1312.00000       500.00000
     10.00      1336.00000       528.00000
     10.00      1360.00000       558.00000
     10.00      1387.00000       592.00000
     10.00      1412.00000       627.00000
     10.00      1430.00000       658.00000
     10.00      1447.00000       692.00000
     10.00      1455.00000       724.00000
     10.00      1455.00000       749.00000
     10.00      1450.00000       767.00000
     10.00      1443.00000       785.00000
     10.00      1433.00000       805.00000
     10.00      1422.00000       820.00000
     10.00      1407.00000       835.00000
     10.00      1388.00000       851.00000
     10.00      1370.00000       862.00000
     10.00      1348.00000       872.00000
     10.00      1320.00000       881.00000
     10.00      1291.00000       888.00000
     10.00      1265.00000       893.00000
     10.00      1246.00000       896.00000
     10.00      1227.00000       894.00000
     10.00      1196.00000       888.00000
     10.00      1173.00000       881.00000
     10.00      1148.00000       872.00000
     10.00      1119.00000       859.00000
     10.00      1097.00000       850.00000
     10.00      1065.00000       846.00000
     10.00      1047.00000       848.00000
     10.00      1026.00000       852.00000
     10.00      1007.00000       858.00000
     10.00       983.00000       867.00000
     10.00       957.00000       880.00000
     10.00       934.00000       891.00000
     10.00       911.00000       904.00000
     10.00       890.00000       916.00000
     10.00       874.00000       926.00000
     10.00       852.00000       941.00000
     10.00       833.00000       953.00000
     10.00       814.00000       965.00000
     10.00       795.00000       980.00000
     10.00       778.00000       989.00000
     10.00       765.00000      1000.00000
     10.00       740.00000      1017.00000
     10.00       690.00000      1045.00000
     10.00       636.00000      1074.00000
     10.00       583.00000      1103.00000
     10.00       512.00000      1136.00000
     10.00       450.00000      1169.00000
     10.00       380.00000      1190.00000
     10.00       293.00000      1215.00000
     10.00       211.00000      1236.00000
     10.00       128.00000      1244.00000
     10.00        58.00000      1252.00000
     10.00         0.00000      1260.00000

      8.00      1124.00000         0.00000
      8.00      1169.00000        83.00000
      8.00      1223.00000       161.00000
      8.00      1277.00000       256.00000
      8.00      1347.00000       364.00000
      8.00      1409.00000       459.00000
      8.00      1492.00000       587.00000
      8.00      1558.00000       661.00000
      8.00      1636.00000       744.00000
      8.00      1694.00000       847.00000
      8.00      1694.00000       930.00000
      8.00      1645.00000       975.00000
      8.00      1591.00000       996.00000
      8.00      1550.00000      1004.00000
      8.00      1483.00000       983.00000
      8.00      1376.00000       950.00000
      8.00      1289.00000       934.00000
      8.00      1194.00000       942.00000
      8.00      1103.00000       967.00000
      8.00      1012.00000      1029.00000
      8.00       909.00000      1095.00000
      8.00       831.00000      1145.00000
      8.00       740.00000      1198.00000
      8.00       649.00000      1244.00000
      8.00       550.00000      1289.00000
      8.00       496.00000      1314.00000
      8.00       393.00000      1351.00000
      8.00       248.00000      1384.00000
      8.00       145.00000      1401.00000
      8.00         0.00000      1417.00000

      6.00      1339.00000         0.00000
      6.00      1393.00000        62.00000
      6.00      1438.00000       120.00000
      6.00      1500.00000       202.00000
      6.00      1554.00000       273.00000
      6.00      1624.00000       364.00000
      6.00      1682.00000       434.00000
      6.00      1740.00000       500.00000
      6.00      1822.00000       595.00000
      6.00      1893.00000       686.00000
      6.00      1959.00000       777.00000
      6.00      2012.00000       888.00000
      6.00      2017.00000       979.00000
      6.00      1988.00000      1041.00000
      6.00      1926.00000      1083.00000
      6.00      1843.00000      1095.00000
      6.00      1756.00000      1079.00000
      6.00      1669.00000      1054.00000
      6.00      1570.00000      1025.00000
      6.00      1508.00000      1025.00000
      6.00      1450.00000      1033.00000
      6.00      1360.00000      1074.00000
      6.00      1240.00000      1145.00000
      6.00      1132.00000      1227.00000
      6.00      1008.00000      1310.00000
      6.00       926.00000      1368.00000
      6.00       847.00000      1421.00000
      6.00       723.00000      1488.00000
      6.00       603.00000      1537.00000
      6.00       512.00000      1570.00000
      6.00       492.00000      1570.00000
      6.00       384.00000      1603.00000
      6.00       256.00000      1628.00000
      6.00       124.00000      1645.00000
      6.00        37.00000      1653.00000
      6.00         0.00000      1653.00000

      4.00      1665.00000         0.00000
      4.00      1702.00000        37.00000
      4.00      1764.00000        87.00000
      4.00      1847.00000       153.00000
      4.00      1946.00000       244.00000
      4.00      2045.00000       331.00000
      4.00      2136.00000       421.00000
      4.00      2244.00000       529.00000
      4.00      2364.00000       661.00000
      4.00      2459.00000       777.00000
      4.00      2554.00000       905.00000
      4.00      2599.00000       988.00000
      4.00      2624.00000      1070.00000
      4.00      2620.00000      1132.00000
      4.00      2591.00000      1186.00000
      4.00      2512.00000      1231.00000
      4.00      2438.00000      1240.00000
      4.00      2331.00000      1223.00000
      4.00      2227.00000      1198.00000
      4.00      2153.00000      1182.00000
      4.00      2050.00000      1174.00000
      4.00      1942.00000      1194.00000
      4.00      1798.00000      1260.00000
      4.00      1686.00000      1326.00000
      4.00      1570.00000      1413.00000
      4.00      1426.00000      1521.00000
      4.00      1310.00000      1612.00000
      4.00      1182.00000      1694.00000
      4.00      1058.00000      1781.00000
      4.00       926.00000      1860.00000
      4.00       810.00000      1913.00000
      4.00       657.00000      1971.00000
      4.00       496.00000      2017.00000
      4.00       343.00000      2050.00000
      4.00       182.00000      2074.00000
      4.00        62.00000      2087.00000
      4.00         0.00000      2087.00000

      2.00      2558.00000         0.00000
      2.00      2616.00000        25.00000
      2.00      2682.00000        58.00000
      2.00      2847.00000       136.00000
      2.00      2942.00000       186.00000
      2.00      3033.00000       227.00000
      2.00      3136.00000       293.00000
      2.00      3281.00000       368.00000
      2.00      3380.00000       434.00000
      2.00      3467.00000       479.00000
      2.00      3545.00000       529.00000
      2.00      3632.00000       591.00000
      2.00      3702.00000       632.00000
      2.00      3781.00000       686.00000
      2.00      3868.00000       740.00000
      2.00      3942.00000       798.00000
      2.00      4021.00000       851.00000
      2.00      4099.00000       921.00000
      2.00      4182.00000      1017.00000
      2.00      4207.00000      1099.00000
      2.00      4182.00000      1198.00000
      2.00      4136.00000      1264.00000
      2.00      4079.00000      1318.00000
      2.00      3992.00000      1372.00000
      2.00      3901.00000      1413.00000
      2.00      3777.00000      1430.00000
      2.00      3649.00000      1429.00000
      2.00      3525.00000      1421.00000
      2.00      3401.00000      1422.00000
      2.00      3264.00000      1438.00000
      2.00      3116.00000      1508.00000
      2.00      3000.00000      1587.00000
      2.00      2876.00000      1702.00000
      2.00      2752.00000      1818.00000
      2.00      2579.00000      1988.00000
      2.00      2364.00000      2190.00000
      2.00      2236.00000      2302.00000
      2.00      2091.00000      2426.00000
      2.00      2000.00000      2492.00000
      2.00      1971.00000      2517.00000
      2.00      1839.00000      2612.00000
      2.00      1707.00000      2698.00000
      2.00      1537.00000      2793.00000
      2.00      1351.00000      2893.00000
      2.00      1161.00000      2971.00000
      2.00       950.00000      3041.00000
      2.00       793.00000      3079.00000
      2.00       682.00000      3103.00000
      2.00       545.00000      3136.00000
      2.00       442.00000      3157.00000
      2.00       302.00000      3178.00000
      2.00       182.00000      3190.00000
      2.00        70.00000      3202.00000
      2.00         0.00000      3211.00000

      1.00      3860.00000         0.00000
      1.00      3996.00000        58.00000
      1.00      4248.00000       140.00000
      1.00      4475.00000       219.00000
      1.00      4744.00000       322.00000
      1.00      4996.00000       405.00000
      1.00      5236.00000       496.00000
      1.00      5471.00000       579.00000
      1.00      5719.00000       678.00000
      1.00      6037.00000       810.00000
      1.00      6219.00000       888.00000
      1.00      6397.00000       971.00000
      1.00      6583.00000      1083.00000
      1.00      6715.00000      1165.00000
      1.00      6835.00000      1260.00000
      1.00      6946.00000      1388.00000
      1.00      7021.00000      1533.00000
      1.00      7021.00000      1665.00000
      1.00      6979.00000      1727.00000
      1.00      6872.00000      1802.00000
      1.00      6698.00000      1864.00000
      1.00      6512.00000      1888.00000
      1.00      6256.00000      1913.00000
      1.00      6021.00000      1921.00000
      1.00      5781.00000      1922.00000
      1.00      5558.00000      1938.00000
      1.00      5364.00000      2004.00000
      1.00      5149.00000      2140.00000
      1.00      4913.00000      2355.00000
      1.00      4756.00000      2512.00000
      1.00      4508.00000      2785.00000
      1.00      4293.00000      3012.00000
      1.00      4107.00000      3211.00000
      1.00      3975.00000      3335.00000
      1.00      3785.00000      3525.00000
      1.00      3591.00000      3702.00000
      1.00      3508.00000      3764.00000
      1.00      3343.00000      3909.00000
      1.00      3207.00000      4017.00000
      1.00      3008.00000      4157.00000
      1.00      2884.00000      4236.00000
      1.00      2756.00000      4318.00000
      1.00      2612.00000      4409.00000
      1.00      2500.00000      4463.00000
      1.00      2405.00000      4521.00000
      1.00      2157.00000      4632.00000
      1.00      2008.00000      4702.00000
      1.00      1764.00000      4781.00000
      1.00      1504.00000      4860.00000
      1.00      1335.00000      4897.00000
      1.00      1149.00000      4934.00000
      1.00       942.00000      4963.00000
      1.00       760.00000      4992.00000
      1.00       612.00000      5012.00000
      1.00       599.00000      5008.00000
      1.00         0.00000      5070.00000

